//Tao=9 R=1 instance=1
n=10;
r=[0,5,21,12,30,94,47,87,87,25,18];
p=[0,13,18,20,11,15,2,12,15,9,6];
d=[119,33,49,42,59,119,75,108,113,50,38];
db=[121,35,51,44,61,121,76,110,115,51,39];
e=[0,18,14,16,3,15,8,10,12,3,5];
w=[0,9.0,7.0,8.0,1.5,7.5,8.0,5.0,6.0,3.0,5.0];
Omega=[2,3,4,2,7,2,1,5,1,2];
s=[[0,4,4,6,4,8,2,8,6,10,5],
[0,0,3,8,10,2,6,2,5,3,7],
[0,5,0,3,5,5,2,3,2,5,8],
[0,9,7,0,7,7,7,6,8,3,3],
[0,7,5,2,0,6,4,9,2,4,4],
[0,9,7,10,5,0,9,5,6,3,4],
[0,8,3,9,8,7,0,9,8,10,6],
[0,10,2,8,10,8,5,0,4,7,8],
[0,4,6,2,6,2,10,9,0,3,4],
[0,6,10,3,3,9,9,8,2,0,3],
[0,9,7,3,6,10,6,8,7,5,0]
];
m=5;
b=[0,420,900,1200,1320];
EC=[0.0422,0.075,0.1327,0.075,0.0422];
h=9;
g=[0,180,360,720,840,1020,1080,1260,1380];
q=[0.725,0.7,0.693,0.682,0.669,0.682,0.693,0.7,0.725];
Tax=0.02673155;